Latitudine,Longitudine,Quota ellissoidica a terra,Epoche
45.478493753333,9.225788896667,160.196,1
45.478493956667,9.225788951667,160.200,1
45.478493998333,9.225788918333,160.206,1
45.478493268333,9.225789506667,160.225,1
45.478494031667,9.225789048333,160.248,1
45.478494646667,9.225788840000,160.253,1
45.478495900000,9.225790541667,160.273,1
45.478497715000,9.225794416667,160.259,1
45.478499535000,9.225798825000,160.282,1
45.478502216667,9.225803493333,160.307,1
45.478504610000,9.225808915000,160.300,1
45.478507303333,9.225814075000,160.304,1
45.478510326667,9.225819983333,160.325,1
45.478513306667,9.225825860000,160.338,1
45.478516278333,9.225832480000,160.312,1
45.478518963333,9.225838855000,160.317,1
45.478522015000,9.225845781667,160.327,1
45.478525608333,9.225852898333,160.338,1
45.478528800000,9.225859920000,160.340,1
45.478531676667,9.225867586667,160.335,1
45.478535500000,9.225875323333,160.318,1
45.478538613333,9.225882831667,160.333,1
45.478542111667,9.225890515000,160.342,1
45.478545571667,9.225898211667,160.335,1
45.478549303333,9.225906493333,160.325,1
45.478552368333,9.225914271667,160.322,1
45.478555818333,9.225923140000,160.332,1
45.478559070000,9.225931321667,160.343,1
45.478561673333,9.225939088333,160.346,1
45.478564683333,9.225947086667,160.326,1
45.478567946667,9.225956026667,160.319,1
45.478570995000,9.225964200000,160.342,1
45.478573711667,9.225972821667,160.361,1
45.478577090000,9.225981515000,160.357,1
45.478580220000,9.225989626667,160.377,1
45.478583436667,9.225998386667,160.356,1
45.478586553333,9.226006878333,160.332,1
45.478589931667,9.226015265000,160.339,1
45.478593166667,9.226023678333,160.334,1
45.478596150000,9.226032238333,160.328,1
45.478599270000,9.226041306667,160.357,1
45.478602063333,9.226049876667,160.367,1
45.478604696667,9.226059098333,160.361,1
45.478607443333,9.226067796667,160.375,1
45.478609953333,9.226076561667,160.352,1
45.478612488333,9.226085555000,160.360,1
45.478614545000,9.226095165000,160.356,1
45.478616861667,9.226103888333,160.369,1
45.478618916667,9.226113055000,160.400,1
45.478620811667,9.226122781667,160.424,1
45.478622588333,9.226131973333,160.413,1
45.478624550000,9.226141093333,160.419,1
45.478626260000,9.226150913333,160.420,1
45.478627666667,9.226160975000,160.441,1
45.478628908333,9.226170681667,160.458,1
45.478630561667,9.226180188333,160.474,1
45.478631901667,9.226189625000,160.476,1
45.478633210000,9.226198650000,160.465,1
45.478634163333,9.226208675000,160.476,1
45.478635393333,9.226218015000,160.501,1
45.478635943333,9.226227866667,160.506,1
45.478636855000,9.226237673333,160.516,1
45.478637241667,9.226246581667,160.530,1
45.478637490000,9.226255815000,160.532,1
45.478637946667,9.226265430000,160.539,1
45.478638410000,9.226275010000,160.544,1
45.478638455000,9.226284456667,160.550,1
45.478638268333,9.226293820000,160.559,1
45.478638021667,9.226303305000,160.556,1
45.478637978333,9.226312750000,160.556,1
45.478637791667,9.226321825000,160.560,1
45.478637620000,9.226332038333,160.604,1
45.478637095000,9.226341611667,160.601,1
45.478636403333,9.226350953333,160.620,1
45.478635341667,9.226360480000,160.602,1
45.478635208333,9.226369631667,160.618,1
45.478634628333,9.226380273333,160.641,1
45.478633891667,9.226389971667,160.637,1
45.478633276667,9.226400418333,160.665,1
45.478633006667,9.226410601667,160.657,1
45.478632155000,9.226420983333,160.676,1
45.478631323333,9.226431468333,160.694,1
45.478630088333,9.226441553333,160.715,1
45.478628771667,9.226450911667,160.741,1
45.478627663333,9.226461188333,160.719,1
45.478626770000,9.226471511667,160.730,1
45.478625856667,9.226481006667,160.759,1
45.478624350000,9.226491836667,160.775,1
45.478622786667,9.226502135000,160.769,1
45.478621195000,9.226513221667,160.774,1
45.478619986667,9.226522845000,160.797,1
45.478618121667,9.226533313333,160.804,1
45.478616195000,9.226543623333,160.799,1
45.478614350000,9.226554495000,160.813,1
45.478612376667,9.226564670000,160.843,1
45.478609790000,9.226574900000,160.851,1
45.478607003333,9.226584028333,160.849,1
45.478603850000,9.226592326667,160.829,1
45.478601251667,9.226600266667,160.845,1
45.478598385000,9.226610138333,160.862,1
45.478595565000,9.226619340000,160.870,1
45.478592433333,9.226629208333,160.892,1
45.478589136667,9.226637840000,160.893,1
45.478585886667,9.226647308333,160.924,1
45.478582790000,9.226656486667,160.935,1
45.478579248333,9.226665565000,160.945,1
45.478575831667,9.226674343333,160.938,1
45.478572585000,9.226681260000,160.959,1
45.478569991667,9.226686903333,160.971,1
45.478567911667,9.226691055000,161.002,1
45.478565408333,9.226696555000,160.976,1
45.478562958333,9.226702415000,160.974,1
45.478559676667,9.226708123333,160.988,1
45.478557233333,9.226713253333,161.031,1
45.478556881667,9.226713253333,161.031,1
45.478556371667,9.226715636667,161.037,1
45.478554431667,9.226720188333,161.059,1
45.478551180000,9.226725466667,161.044,1
45.478548390000,9.226730841667,161.060,1
45.478545931667,9.226737148333,161.044,1
45.478543116667,9.226743310000,161.047,1
45.478539163333,9.226748523333,161.047,1
45.478534535000,9.226752341667,161.051,1
45.478529610000,9.226756733333,161.051,1
45.478524706667,9.226760831667,161.055,1
45.478519528333,9.226764466667,161.054,1
45.478514378333,9.226767480000,161.064,1
45.478509370000,9.226771213333,161.055,1
45.478504165000,9.226774995000,161.055,1
45.478499108333,9.226778543333,161.039,1
45.478494473333,9.226781628333,161.042,1
45.478489236667,9.226784941667,161.031,1
45.478485235000,9.226787786667,161.067,1
45.478480930000,9.226790268333,161.062,1
45.478476956667,9.226792421667,161.061,1
45.478471650000,9.226795166667,161.057,1
45.478467535000,9.226798330000,161.045,1
45.478463100000,9.226800161667,161.042,1
45.478459386667,9.226801973333,161.050,1
45.478455366667,9.226804770000,161.045,1
45.478451276667,9.226806978333,161.034,1
45.478447310000,9.226808950000,161.048,1
45.478443385000,9.226810416667,161.056,1
45.478439426667,9.226812281667,161.054,1
45.478435976667,9.226813918333,161.052,1
45.478431786667,9.226816585000,161.042,1
45.478427765000,9.226818565000,161.053,1
45.478424501667,9.226820118333,161.034,1
45.478420110000,9.226822973333,161.029,1
45.478416128333,9.226824465000,161.033,1
45.478412403333,9.226825928333,161.054,1
45.478408930000,9.226827768333,161.055,1
45.478405396667,9.226829090000,161.040,1
45.478400793333,9.226831260000,161.043,1
45.478397408333,9.226832743333,161.054,1
45.478393621667,9.226834000000,161.042,1
45.478389761667,9.226836051667,161.051,1
45.478385190000,9.226837938333,161.055,1
45.478380963333,9.226839826667,161.067,1
45.478377153333,9.226840933333,161.081,1
45.478373373333,9.226843211667,161.080,1
45.478368778333,9.226844483333,161.057,1
45.478364698333,9.226845680000,161.057,1
45.478360346667,9.226847586667,161.050,1
45.478356225000,9.226848840000,161.032,1
45.478352306667,9.226850020000,161.044,1
45.478347343333,9.226851488333,161.074,1
45.478343175000,9.226852655000,161.083,1
45.478339231667,9.226853663333,161.051,1
45.478335181667,9.226855840000,161.043,1
45.478331493333,9.226857653333,161.018,1
45.478327695000,9.226858488333,161.006,1
45.478323593333,9.226859893333,161.016,1
45.478318980000,9.226861068333,161.036,1
45.478314900000,9.226861615000,161.010,1
45.478310518333,9.226862936667,161.028,1
45.478306968333,9.226864250000,161.020,1
45.478302980000,9.226865010000,161.009,1
45.478299298333,9.226866383333,161.023,1
45.478295418333,9.226867940000,161.033,1
45.478291310000,9.226868965000,161.026,1
45.478287025000,9.226869923333,161.037,1
45.478282803333,9.226871290000,161.009,1
45.478278020000,9.226872140000,161.039,1
45.478274138333,9.226872690000,161.041,1
45.478269831667,9.226874466667,161.044,1
45.478265955000,9.226875576667,161.053,1
45.478262653333,9.226876390000,161.037,1
45.478259626667,9.226877305000,161.031,1
45.478255908333,9.226877440000,161.015,1
45.478252656667,9.226877523333,161.031,1
45.478251621667,9.226877931667,161.031,1
45.478251530000,9.226877946667,161.046,1
45.478251750000,9.226877591667,161.080,1
45.478251936667,9.226877851667,161.093,1
45.478251895000,9.226878271667,161.091,1
45.478251631667,9.226878073333,161.089,1
45.478251535000,9.226878068333,161.092,1
45.478251551667,9.226878248333,161.093,1
45.478251488333,9.226878223333,161.092,1
45.478251411667,9.226878181667,161.100,1
45.478251303333,9.226878198333,161.104,1
45.478251168333,9.226878363333,161.102,1
45.478250681667,9.226878255000,161.110,1
45.478250148333,9.226878813333,161.108,1
45.478249706667,9.226879948333,161.093,1
45.478247915000,9.226879471667,161.091,1
45.478245593333,9.226879605000,161.066,1
45.478243073333,9.226879718333,161.052,1
45.478239176667,9.226880331667,161.014,1
45.478234978333,9.226881041667,161.045,1
45.478230295000,9.226882176667,161.033,1
45.478225870000,9.226883236667,161.031,1
45.478220820000,9.226883791667,161.032,1
45.478215955000,9.226884721667,161.046,1
45.478210836667,9.226885101667,161.038,1
45.478205711667,9.226886121667,161.038,1
45.478200985000,9.226887136667,161.049,1
45.478200128333,9.226884371667,161.075,1
45.478201338333,9.226880681667,161.066,1
45.478201495000,9.226875386667,161.078,1
45.478201948333,9.226869178333,161.056,1
45.478201735000,9.226863941667,161.059,1
45.478201826667,9.226859466667,161.053,1
45.478201986667,9.226853938333,161.003,1
45.478201775000,9.226847583333,161.014,1
45.478201733333,9.226841258333,160.997,1
45.478201250000,9.226835225000,160.975,1
45.478201310000,9.226828695000,160.954,1
45.478201428333,9.226822195000,160.914,1
45.478201433333,9.226815623333,160.873,1
45.478201441667,9.226809028333,160.851,1
45.478201570000,9.226803866667,160.898,1
45.478201346667,9.226799673333,160.900,1
45.478201296667,9.226799446667,160.915,1
45.478201073333,9.226799898333,160.915,1
45.478201226667,9.226799721667,160.921,1
45.478200763333,9.226802586667,160.941,1
45.478199913333,9.226805773333,160.879,1
45.478199370000,9.226807166667,160.902,1
45.478196770000,9.226807656667,160.899,1
45.478192735000,9.226807793333,160.863,1
45.478188725000,9.226807766667,160.917,1
45.478184638333,9.226808195000,160.858,1
45.478180356667,9.226807860000,160.842,1
45.478176050000,9.226808215000,160.862,1
45.478171316667,9.226807983333,160.831,1
45.478166555000,9.226807980000,160.850,1
45.478161268333,9.226808576667,160.874,1
45.478156555000,9.226808245000,160.832,1
45.478152630000,9.226808603333,160.818,1
45.478148411667,9.226808798333,160.804,1
45.478143796667,9.226808926667,160.850,1
45.478139095000,9.226808998333,160.877,1
45.478134908333,9.226808713333,160.864,1
45.478130536667,9.226808790000,160.866,1
45.478126033333,9.226808963333,160.830,1
45.478121100000,9.226808843333,160.839,1
45.478116340000,9.226808721667,160.809,1
45.478111368333,9.226809381667,160.805,1
45.478106238333,9.226809188333,160.805,1
45.478101530000,9.226809116667,160.774,1
45.478096940000,9.226809611667,160.784,1
45.478092166667,9.226809278333,160.784,1
45.478087025000,9.226809201667,160.767,1
45.478082205000,9.226809058333,160.785,1
45.478078063333,9.226808730000,160.788,1
45.478074480000,9.226810568333,160.829,1
45.478070518333,9.226810650000,160.788,1
45.478066378333,9.226810620000,160.765,1
45.478062243333,9.226810903333,160.756,1
45.478057656667,9.226810615000,160.747,1
45.478053073333,9.226811213333,160.787,1
45.478048731667,9.226810820000,160.776,1
45.478044580000,9.226811016667,160.773,1
45.478039753333,9.226811278333,160.758,1
45.478035356667,9.226810880000,160.746,1
45.478031431667,9.226810645000,160.716,1
45.478026883333,9.226810683333,160.752,1
45.478022328333,9.226811436667,160.778,1
45.478017626667,9.226811476667,160.771,1
45.478012788333,9.226811803333,160.780,1
45.478008060000,9.226811793333,160.766,1
45.478003595000,9.226811491667,160.797,1
45.477999880000,9.226812041667,160.830,1
45.477998135000,9.226813110000,160.825,1
45.477997911667,9.226816180000,160.832,1
45.477997933333,9.226819380000,160.855,1
45.477997670000,9.226825046667,160.871,1
45.477998085000,9.226832196667,160.876,1
45.477997558333,9.226839270000,160.881,1
45.477997993333,9.226845803333,160.924,1
45.477998023333,9.226852986667,160.931,1
45.477997988333,9.226860633333,160.934,1
45.477998298333,9.226867480000,160.964,1
45.477997808333,9.226873630000,160.956,1
45.477997931667,9.226879480000,160.955,1
45.477997641667,9.226884816667,160.988,1
45.477995330000,9.226886428333,160.991,1
45.477991898333,9.226887193333,160.988,1
45.477987156667,9.226886036667,160.993,1
45.477981958333,9.226885138333,160.997,1
45.477976768333,9.226884426667,160.951,1
45.477971271667,9.226883115000,160.956,1
45.477965563333,9.226882276667,160.947,1
45.477959631667,9.226881506667,160.946,1
45.477954291667,9.226879698333,160.943,1
45.477948780000,9.226878596667,160.966,1
45.477943478333,9.226877415000,160.946,1
45.477938611667,9.226876420000,160.972,1
45.477933508333,9.226876015000,160.928,1
45.477927671667,9.226874225000,160.911,1
45.477922223333,9.226872426667,160.950,1
45.477916056667,9.226871275000,160.918,1
45.477910405000,9.226870238333,160.931,1
45.477904533333,9.226868375000,160.921,1
45.477898178333,9.226866576667,160.939,1
45.477892006667,9.226864876667,160.958,1
45.477886066667,9.226863243333,160.961,1
45.477880598333,9.226860995000,160.951,1
45.477874703333,9.226859158333,160.930,1
45.477868695000,9.226857293333,160.935,1
45.477862625000,9.226855303333,160.925,1
45.477856685000,9.226853806667,160.941,1
45.477850973333,9.226852160000,160.919,1
45.477845526667,9.226850421667,160.956,1
45.477839916667,9.226849111667,160.941,1
45.477835026667,9.226846870000,160.938,1
45.477829343333,9.226844685000,160.936,1
45.477823651667,9.226843380000,160.932,1
45.477818633333,9.226840628333,160.886,1
45.477813566667,9.226838791667,160.899,1
45.477808111667,9.226837318333,160.938,1
45.477802941667,9.226834766667,160.918,1
45.477797505000,9.226832598333,160.905,1
45.477792183333,9.226830531667,160.900,1
45.477787400000,9.226827108333,160.889,1
45.477782091667,9.226824876667,160.886,1
45.477776715000,9.226821778333,160.860,1
45.477771395000,9.226818105000,160.857,1
45.477766013333,9.226815278333,160.852,1
45.477760568333,9.226811516667,160.841,1
45.477755308333,9.226807710000,160.856,1
45.477749481667,9.226804323333,160.855,1
45.477743638333,9.226800910000,160.848,1
45.477738276667,9.226796853333,160.839,1
45.477733216667,9.226792960000,160.853,1
45.477727533333,9.226789558333,160.858,1
45.477722065000,9.226785765000,160.844,1
45.477716625000,9.226781778333,160.840,1
45.477710998333,9.226778268333,160.860,1
45.477705585000,9.226774128333,160.840,1
45.477700013333,9.226770220000,160.835,1
45.477694341667,9.226766778333,160.848,1
45.477688831667,9.226762530000,160.839,1
45.477683363333,9.226758405000,160.837,1
45.477677790000,9.226754686667,160.831,1
45.477672993333,9.226750456667,160.812,1
45.477668626667,9.226745833333,160.806,1
45.477665076667,9.226739443333,160.807,1
45.477661606667,9.226732595000,160.803,1
45.477657871667,9.226726448333,160.798,1
45.477654765000,9.226719650000,160.790,1
45.477651568333,9.226712595000,160.795,1
45.477648128333,9.226706185000,160.784,1
45.477644796667,9.226699428333,160.780,1
45.477641563333,9.226692203333,160.781,1
45.477637995000,9.226685438333,160.771,1
45.477634828333,9.226677836667,160.761,1
45.477632828333,9.226670638333,160.741,1
45.477629988333,9.226663836667,160.715,1
45.477627096667,9.226656166667,160.697,1
45.477624505000,9.226648240000,160.692,1
45.477621783333,9.226640391667,160.684,1
45.477619411667,9.226632291667,160.678,1
45.477616923333,9.226624045000,160.653,1
45.477614226667,9.226616086667,160.631,1
45.477611921667,9.226607946667,160.637,1
45.477609820000,9.226600061667,160.630,1
45.477607293333,9.226591750000,160.627,1
45.477605098333,9.226582936667,160.611,1
45.477602543333,9.226574573333,160.612,1
45.477599903333,9.226566608333,160.604,1
45.477598310000,9.226558560000,160.588,1
45.477596455000,9.226550881667,160.586,1
45.477594281667,9.226543081667,160.578,1
45.477592390000,9.226534941667,160.576,1
45.477590581667,9.226526541667,160.564,1
45.477588945000,9.226518001667,160.567,1
45.477587601667,9.226509596667,160.571,1
45.477587066667,9.226501156667,160.550,1
45.477585928333,9.226493168333,160.537,1
45.477584768333,9.226485056667,160.565,1
45.477584013333,9.226476461667,160.526,1
45.477583148333,9.226467328333,160.521,1
45.477581866667,9.226458655000,160.502,1
45.477580855000,9.226449161667,160.496,1
45.477580080000,9.226439803333,160.484,1
45.477579610000,9.226430636667,160.473,1
45.477579135000,9.226422106667,160.479,1
45.477578701667,9.226412266667,160.463,1
45.477578290000,9.226403206667,160.464,1
45.477577910000,9.226394356667,160.462,1
45.477577088333,9.226385143333,160.442,1
45.477576830000,9.226374498333,160.427,1
45.477576311667,9.226365873333,160.441,1
45.477575720000,9.226357423333,160.416,1
45.477575470000,9.226347606667,160.430,1
45.477575330000,9.226338303333,160.430,1
45.477575291667,9.226329341667,160.411,1
45.477574898333,9.226319856667,160.406,1
45.477574145000,9.226310091667,160.402,1
45.477574441667,9.226300406667,160.398,1
45.477574623333,9.226290880000,160.388,1
45.477574371667,9.226281280000,160.382,1
45.477574505000,9.226271223333,160.355,1
45.477574795000,9.226260968333,160.343,1
45.477574980000,9.226250441667,160.347,1
45.477575835000,9.226240058333,160.322,1
45.477576268333,9.226230501667,160.319,1
45.477577528333,9.226221321667,160.309,1
45.477578516667,9.226211596667,160.291,1
45.477579075000,9.226201780000,160.280,1
45.477580376667,9.226192958333,160.270,1
45.477581793333,9.226184113333,160.256,1
45.477582866667,9.226175321667,160.264,1
45.477584171667,9.226166110000,160.257,1
45.477585971667,9.226157336667,160.264,1
45.477587265000,9.226148253333,160.257,1
45.477588588333,9.226139635000,160.273,1
45.477590591667,9.226130960000,160.261,1
45.477592295000,9.226121911667,160.242,1
45.477593498333,9.226113136667,160.247,1
45.477596006667,9.226104373333,160.212,1
45.477598358333,9.226095436667,160.218,1
45.477600843333,9.226086195000,160.222,1
45.477603246667,9.226076870000,160.207,1
45.477605458333,9.226068775000,160.212,1
45.477607571667,9.226060735000,160.187,1
45.477610083333,9.226052700000,160.196,1
45.477612795000,9.226044918333,160.196,1
45.477615418333,9.226035766667,160.176,1
45.477618335000,9.226026550000,160.171,1
45.477621491667,9.226017490000,160.172,1
45.477624803333,9.226009408333,160.162,1
45.477627818333,9.226000445000,160.164,1
45.477630270000,9.225991913333,160.174,1
45.477633370000,9.225983333333,160.156,1
45.477636136667,9.225974211667,160.154,1
45.477638855000,9.225965075000,160.157,1
45.477641641667,9.225956595000,160.131,1
45.477644236667,9.225948006667,160.143,1
45.477646850000,9.225938643333,160.133,1
45.477649751667,9.225929653333,160.114,1
45.477652523333,9.225922788333,160.109,1
45.477654626667,9.225914953333,160.095,1
45.477657281667,9.225906550000,160.089,1
45.477660086667,9.225899016667,160.096,1
45.477662580000,9.225890886667,160.082,1
45.477664846667,9.225883040000,160.091,1
45.477667181667,9.225874643333,160.084,1
45.477670170000,9.225867025000,160.079,1
45.477672493333,9.225860641667,160.085,1
45.477675246667,9.225854638333,160.068,1
45.477677268333,9.225847796667,160.064,1
45.477680158333,9.225840250000,160.075,1
45.477683000000,9.225832903333,160.086,1
45.477685416667,9.225825526667,160.068,1
45.477687801667,9.225818133333,160.066,1
45.477689935000,9.225811828333,160.085,1
45.477691595000,9.225805265000,160.073,1
45.477693516667,9.225802476667,160.092,1
45.477693726667,9.225802421667,160.085,1
45.477693708333,9.225802851667,160.086,1
45.477693741667,9.225803218333,160.082,1
45.477693590000,9.225803258333,160.078,1
45.477693638333,9.225803396667,160.084,1
45.477693543333,9.225803173333,160.046,1
45.477693808333,9.225802678333,160.005,1
45.477693885000,9.225802486667,159.999,1
45.477693593333,9.225802360000,159.984,1
45.477693626667,9.225802476667,159.983,1
45.477693678333,9.225802156667,159.981,1
45.477693638333,9.225802010000,159.992,1
45.477693690000,9.225801996667,159.992,1
45.477693741667,9.225801735000,159.984,1
45.477693771667,9.225801521667,159.980,1
45.477693835000,9.225801348333,159.982,1
45.477693883333,9.225801055000,159.982,1
45.477693901667,9.225800946667,159.987,1
45.477693933333,9.225800820000,159.987,1
